235.05
235.05
231.82
232.28
231.35
231.35
229.5
230.2
230.89
233.67
233.67
234.59
236.44
237.37
236.44
236.44
239.68
240.14
242.46
241.53
243.38
243.85
243.85
244.31
243.85
247.55
252.64
248.47
248.94
246.62
246.16
247.08
248.47
249.86
252.64
248.94
248.94
248.01
250.79
249.4
247.08
241.07
237.83
240.14
236.44
237.37
230.89
234.13
234.59
235.98
233.67
226.03
226.03
226.03
228.58
229.04
230.2
233.2
231.35
235.52
240.61
236.44
238.29
240.14
237.83
238.29
237.37
234.59
231.82
232.74
235.52
238.76
237.37
237.83
238.29
241.07
242
236.91
239.68
241.53
238.76
237.83
232.74
231.35
232.28
233.67
230.43
227.65
226.49
225.34
224.41
221.87
223.72
226.96
225.57
226.73
226.49
224.87
224.18
224.18
224.41
223.95
223.26
223.95
223.72
218.4
214.46
215.16
216.08
212.84
211.69
212.84
213.08
212.61
215.39
216.08
213.54
210.99
210.07
208.45
205.44
206.37
209.14
211.46
214
221.4
219.55
218.86
216.31
212.84
215.16
217.24
217.7
219.32
219.79
218.63
220.94
219.55
217.93
218.4
219.32
217.47
213.31
211.69
214
213.54
213.77
209.84
209.14
212.38
214.7
206.37
201.51
207.29
204.05
202.43
197.58
202.67
206.37
203.59
208.68
212.38
209.61
209.84
204.05
203.82
207.06
207.75
207.06
207.99
204.52
200.58
194.34
189.71
192.95
194.34
193.41
189.25
186.01
185.54
195.26
195.03
192.72
190.87
189.94
192.49
196.19
196.42
199.89
203.59
201.74
200.81
199.19
197.11
201.51
203.13
204.75
202.2
202.67
198.04
197.58
195.26
193.41
192.02
194.8
191.79
190.63
196.42
198.96
205.21
209.84
202.9
202.2
201.51
199.43
198.73
195.72
190.63
193.64
195.03
195.03
192.72
190.17
187.63
183.46
176.75
173.51
182.54
183.23
183
187.4
187.63
189.25
189.71
186.7
186.7
189.71
194.34
197.34
196.42
196.88
193.64
192.49
187.63
187.4
187.16
185.08
186.47
186.01
184.85
187.4
184.62
181.15
182.77
184.62
181.38
179.99
176.52
178.84
171.66
166.34
165.65
163.8
151.77
160.1
159.63
162.87
163.57
158.71
159.17
159.86
164.03
171.2
170.97
163.34
161.02
163.34
160.56
158.71
161.25
164.72
166.34
162.64
165.65
168.66
165.65
167.5
166.34
170.74
176.52
180.22
179.3
174.9
172.36
170.97
166.11
164.26
160.1
155.01
161.48
165.19
159.86
157.78
149.92
161.25
156.16
164.49
163.34
165.42
164.49
161.25
166.57
169.12
164.49
164.26
167.04
164.95
161.72
158.48
156.16
154.31
156.39
158.71
162.64
160.33
158.48
156.63
155.47
158.94
158.01
150.61
153.39
157.09
157.09
157.09
158.01
156.16
155.01
157.32
155.47
156.86
158.48
158.01
155.24
153.16
151.07
149.92
151.07
150.84
151.77
151.3
152.23
149.92
148.76
145.75
139.74
138.81
137.42
136.73
138.58
142.05
139.97
141.59
137.65
134.88
132.8
130.95
128.63
133.72
129.56
127.71
126.78
124.93
127.71
127.24
124.24
124.7
119.84
121.92
121
115.68
116.6
112.67
112.21
122.62
126.78
128.63
126.32
132.1
131.64
128.86
126.78
124.93
128.4
126.55
127.24
125.86
133.03
137.42
133.72
134.65
137.42
137.19
133.72
133.49
134.65
134.42
131.18
128.63
128.63
129.79
128.17
127.24
126.78
130.02
132.57
132.57
136.04
135.11
130.25
126.09
131.41
135.11
131.41
128.17
130.25
126.78
124.93
118.68
125.86
136.27
136.04
129.56
131.18
133.49
128.4
120.53
115.45
116.14
115.68
123.08
103.65
94.16
85.14
88.38
81.2
90.46
102.49
98.56
92.08
99.02
102.03
99.94
93.24
86.99
78.89
73.57
72.18
74.73
76.81
79.59
83.06
88.61
91.15
87.45
85.83
84.68
80.51
77.97
75.65
70.79
70.1
69.41
63.62
57.61
57.38
62.23
64.78
63.16
64.78
63.16
62.7
60.61
60.15
60.85
56.91
59.23
60.61
58.3
56.91
55.99
55.06
52.98
52.75
50.67
48.82
46.27
47.2
47.89
48.12