232.268
232.268
234.581
234.581
231.805
231.805
231.805
230.648
230.417
230.88
231.342
233.656
234.118
234.581
236.432
237.82
238.283
237.357
241.521
239.671
243.835
242.909
243.372
245.685
245.223
244.297
243.372
248.924
252.163
248.924
247.999
247.536
247.074
247.536
248.924
249.85
252.626
248.924
249.85
248.924
250.775
247.999
242.447
240.133
239.671
234.118
241.059
233.193
232.73
234.118
235.506
237.357
229.029
229.492
226.715
227.872
228.797
229.029
232.268
233.193
233.193
236.894
238.745
237.357
238.745
239.208
239.671
239.208
237.357
237.357
237.357
237.357
235.506
231.805
233.193
235.969
238.745
237.82
236.894
238.745
242.909
241.521
237.82
241.059
240.133
239.208
237.82
233.656
231.805
232.268
233.656
234.581
231.342
228.335
225.327
226.715
223.939
221.857
223.708
224.865
227.641
226.253
227.178
225.559
223.939
224.171
225.327
223.477
225.327
223.477
224.171
223.708
223.708
218.387
211.91
217.924
216.074
211.91
213.992
213.529
213.76
212.835
215.611
214.686
213.529
209.596
209.827
207.977
207.283
207.283
208.902
213.529
219.081
222.089
219.775
220.238
216.999
212.141
215.611
219.312
217.462
219.312
218.618
219.312
221.163
218.387
218.618
217.462
219.544
214.686
213.298
212.835
209.827
215.38
213.76
209.133
210.984
214.686
215.148
204.044
203.581
205.895
201.036
198.954
196.178
205.663
208.671
204.044
210.059
210.521
211.447
209.133
200.805
205.895
206.589
208.902
207.051
207.977
205.201
200.805
194.327
191.551
193.865
194.327
191.32
189.238
184.148
192.939
194.327
192.708
193.633
190.163
189.701
196.872
196.178
196.641
202.656
203.581
202.193
200.805
199.417
197.566
202.193
204.044
203.581
202.656
201.268
198.029
198.492
194.327
189.701
193.865
195.484
192.939
192.014
198.723
200.111
205.895
210.984
200.805
200.805
202.656
200.342
195.253
196.641
190.163
193.865
198.26
195.484
191.551
191.089
188.081
181.372
177.439
174.201
185.074
181.372
184.611
189.932
189.007
189.932
189.701
187.387
188.775
192.477
193.171
196.872
193.402
195.022
195.022
189.701
187.387
186.693
187.156
186.231
186.462
186.462
186.462
185.999
184.611
184.842
184.842
184.842
186.462
184.611
180.91
125.85
182.298
183.454
179.059
175.82
178.365
167.723
168.417
165.178
161.246
143.432
165.178
166.566
166.104
159.857
160.552
159.626
161.014
167.029
176.977
170.268
159.857
161.246
162.865
160.089
160.32
160.783
168.648
165.641
163.79
164.484
166.798
167.26
166.566
168.417
172.119
177.902
178.596
177.439
172.581
172.581
164.253
167.029
162.171
158.701
155.462
163.79
162.171
160.32
152.686
151.992
161.477
156.156
156.156
156.156
161.94
164.253
163.559
165.641
161.708
161.014
169.343
170.037
165.41
165.872
126.544
164.022
161.477
159.626
155.462
155.462
158.238
162.865
162.634
164.947
159.163
159.163
156.85
158.007
159.857
150.835
151.298
153.38
154.999
156.619
156.85
157.775
127.007
155.693
154.999
156.85
157.544
154.999
157.081
159.163
158.007
155.693
152.686
151.298
149.447
151.529
151.298
152.686
151.992
150.835
149.678
148.753
145.746
146.44
139.037
138.343
137.88
136.492
138.805
143.432
140.425
140.656
136.955
135.104
132.79
130.708
130.708
132.79
128.626
128.164
127.701
127.238
126.544
127.701
125.156
144.358
121.686
119.604
119.835
117.291
115.208
113.358
116.365
121.917
127.932
126.082
129.552
134.178
127.47
128.858
124.231
128.395
128.164
125.85
126.544
127.007
134.873
144.358
132.096
136.029
137.186
136.029
133.716
134.41
135.104
133.022
130.477
127.932
128.626
129.32
127.238
127.47
127.007
130.477
131.634
132.328
135.104
135.104
127.238
132.79
131.402
133.716
130.708
130.477
125.85
123.074
127.47
118.216
135.104
137.88
134.873
131.865
129.089
131.171
127.701
115.671
117.522
118.447
117.291
111.044
105.955
85.828
90.6862
81.6638
91.6115
102.716
105.955
92.9996
99.7085
102.947
104.567
97.1637
92.7682
83.2832
76.8056
78.8877
77.037
77.9623
77.731
81.4325
85.1339
91.6115
85.5966
87.91
86.9847
83.2832
82.1265
74.0295
77.731
71.2534
70.328
69.4027
60.6117
59.455
61.537
64.7758
64.7758
64.7758
65.2385
64.0818
58.7609
60.6117
60.149
60.149
59.2236
59.2236
59.6863
58.7609
55.5221
56.6788
54.8281
54.1341
53.4401
50.4326
48.8132
45.9908
47.1938
47.1938
47.1938
47.8879
48.8132
48.1192