97.7
98.4
99.65
101.7
103.4
106.5
107.8
106.2
106
108.6
107.6
107.4
109
108.2
107.4
104.4
106
106.7
105.8
105.5
107
105.4
107.2
105.6
107.2
104.5
107.7
110.2
107.4
107.1
106.8
107.4
108.3
107.6
108.5
109
106.1
107.8
107.2
105.4
106.1
106.3
108.1
108.9
111.3
106.1
108
109.3
108.4
109.8
109.7
109.7
109.1
107.2
105.6
105.9
105.8
107.4
106.3
105.4
104
104.1
106.1
104.3
104.1
103.2
103.6
107
108.4
106.4
104.4
104.1
102.2
101.7
102.8
102.5
105.2
107.3
107.8
108.7
107
109
103.1
102.7
101.8
103.6
104.4
103.3
103.5
102.3
102.4
103.2
103
106.3
104.3
105.4
106.9
112
111.1
114.5
113.4
113
114.3
111
112
113.5
111.5
110.5
111
111.1
111.7
104.9
102.1
99.9
99.6
97.2
98.6
99.6
99.05
98
98.95
100
98.1
100.4
100.1
103
103.2
102
102
101
101.8
100.9
104
104.3
103.8
103.5
105
106.9
104.8
103.3
103.3
103.9
103.3
112.9
113.3
114.4
111.3
112
113
114.4
113.2
114.9
115
115
117.9
117.8
114.5
115.3
116.4
116.8
116.1
113.9
114.4
114.8
113
114.8
114.6
114
115.4
114.9
115.9
119.3
119.7
117.5
116.4
120.5
120.9
123.7
125
124.8
122.8
122.7
121.4
122.4
121
118.7
120.5
121.9
123
122.6
120.6
121.3
120.5
121.5
123
121.5
122.9
123.5
123.3
124.2
123.4
126
124.5
126.2
127.4
125.9
126.6
125.7
128.3
129.5
128.3
125.5
127.1
127.7
126.6
126.9
125.6
123.4
123.6
123.2
123.9
122.5
120.3
122
122.6
122.8
121.3
122.3
124.9
124.8
123.9
122.7
121.3
121.2
122.2
121.7
121.7
121.5
120.2
119.4
120.4
119.3
120.3
121
123.7
124.3
124.3
124.4
124.2
124.2
126.7
128.6
129.8
129.2
128.8
129.9
129.2
130.2
130.9
131.1
130.1
131
131
130
127.7
124.7
125.3
124.1
125
124.8
123.5
124.2
125.6
130.2
135.3
137.9
137.6
137.7
137.6
138.4
139.9
139
139
138.5
138.9
139.7
142
142.5
142.6
143.2
139.5
143.5
145.8
146.9
148
145.5
147.7
145.8
146.2
141.8
142.6
145.7
145.5
144.9
145.3
144.3
142.1
145.5
145.5
148
151
153.2
153.3
153.2
154.8
154.8
150.8
152
150.3
150
147.5
146.1
149.5
152.1
152
153.2
150.8
149.8
153.8
152
154.5
153.1
153
153
153
153.1
152.9
152.7
152.3
152.8
149.3
146.9
149.5
150.8
151.1
150
152.5
153.2
153.9
154.8
153.7
154.4
155.5
156.8
156
155.6
156
155.7
155.6
156.2
155.8
154
153.6
154
153.4
154.8
155.2
153.9
155.8
156.4
156.4
156
155.7
153
152
150.7
151.9
152.3
152.5
155.4
155.1
154
153.5
155.3
155.7
162.9
164
163.9
162.7
163.4
161.3
159.2
157.6
158.4
156.1
154.8
152
155.5
156.5
157.8
157.5
156
158.3
160.3
158.9
159.9
159
159.9
160.5
161.5
160.5
159.4
158.6
158.7
160.5
162
162
162.7
162.5
162.3
161.4
161.4
163
161.6
163.5
165.2
163.3
165
163.5
162
163.1
163.3
159.5
160.2
159.9
154.6
157.9
159
155.7
151.4
150.2
148.2
146.4
148.7
145.3
142.6
150.8
149
153.6
156
158.1
157.1
157
157.7
158.1
161.3
162.9
162.4
161
163
162
160.4
160.2
160.2
157.7
158.1
158.5
159.1
160.3
162
161.5
163.2
165.9
167
167.8
169
170
168.2
169.3
170.5
167.2
170.8
169.2
168
167.6
168.4
165
160.3
158.5
162.2
166.7
167.5
167.2
167.7
167.8
167.4
168.3
164.7
163.4
161.9
162.9
160
160
163.5
159
161
162
164.5
166.2
167.7
171.5
170.6
172.8
170.7
172.5
172.8
171.1
172.2
174.7
178.3
174.1
169
167
169.5
164.7
165.1
166.8
169.4
169.2
172.3
172.4
173.7
176.5
176.8
174.6
176.4
176.6
177.5
175.6
174.9
175.9
176
176.1
174.9
175.9
176
175.5
176
174.2
175.3
172.3
175.2
178.4
179.6
179.1
176.9
182.7
184.8
183.5
185.9
188.1
188.1
190.2
190.6
191
190.1
191.2
190
187.2
193.8
196.9
196.9
196
196.2
198.6
196.8
193
189
192.7
189.7
188.7
193
194.9
195.3
192.7
194.8
194.2
196.1
198
196.7
198.4
198
200
200.7
199.3
197.9
198
198.3
198
195.2
194.5
199.3
199
198.5
195.6
195.4
195.5
195.5
198.2
203.3
201.2
199
201.5
203.2
197.6
196.8
199
199.4
197
194.2
190.7
191
195.2
201.3
205.3
204.7
205.3
207.6
206.9
208.2
206.3
213
214.5
214.5
210.2
211.9
210.1
210.2
212.2
214
212.4
214.9
213.8
210.9
212.5
214
210.5
212.9
214.6
216.2
217.9
215.5
209.3
204.2
192.2
202.2
200.7
208.1
207.3
206
204.1
207
210.9
207
208.5
211.8
215
214.2
214.4
212.1
212.5
211.7
211
207.1
211.9
207.6
206
200.3
205
201.8
199
201.5
201
201.7
204.2
205.1
205.3
203.9
203.9
198.6
199.1
196.4
200.6
203
203.8
201.9
200.8
197.6
197.9
199.9
197.4
195.2
181.4
186.5
190.4
188.2
184.8
184.6
190.5
187.1
187
188
188
184.5
184
186.3
187.5
189.6
185.9
185.8
186.7
186.5
184
183.8
189.5
190.2
190.4
190.8
190.7
189.2
185.1
184.1
180.7
176.7
177.1
180.4
179.2
181.9
180.7
178
179.4
183.8
183.8
183
185.6
185.2
185.2