28400
28800
30000
31600
33500
30500
31700
30700
29900
29800
28300
28500
29000
28000
27400
28000
27600
26900
28000
28300
28300
27200
28500
28700
29000
29700
31700
32300
32900
31100
30700
31000
31500
30700
30200
29800
29100
29000
27900
28900
27800
27800
27200
27400
25900
25600
23200
24700
24700
26900
25300
25200
24500
23400
24900
24900
25100
25800
26700
25600
25300
26400
24300
24100
24400
26000
26600
27400
27900
26000
26200
26200
26200
27200
27000
28000
29200
32200
29700
30300
30700
31200
30900
30500
31200
31900
32000
32800
34900
35600
36400
34400
34800
32300
31700
31000
31200
30900
32700
33200
35200
35200
34300
33200
33100
32200
32800
32200
32900
33900
32400
32600
32100
32600
33700
34900
35100
34500
33500
33600
32500
32600
32100
30100
30300
31100
30800
29900
30900
31300
31300
30000
29800
29000
28400
28800
28000
28300
29300
30000
30500
30200
29500
30300
31300
30200
30900
31300
30800
30500
30400
30800
31600
33200
33500
34000
33800
34100
33500
32600
32300
33000
33400
33100
33300
32400
31300
34700
35800
35300
35300
35900
36600
36300
33800
33200
33300
34400
34500
33700
34200
34000
33100
33100
33100
34500
33400
33400
33800
33800
33500
32700
32600
34400
34000
34100
32900
33100
33500
34900
35100
35700
35900
37200
37000
38700
37600
37100
37500
36600
35800
36400
37200
36100
35000
33300
34900
33500
33900
34100
34100
34900
34900
35600
35800
34900
34500
35200
35800
36000
35600
35500
35400
36000
36000
35200
33500
34900
35000
35600
35600
34600
35200
35500
35300
34700
35400
35500
35200
35200
35600
34800
35400
35300
35400
35400
35400
35500
35500
35300
35300
35300
35600
36850
36900
37260
38320
40000
40300
39900
40740
40900
41500
41580
41950
40670
40310
40400
40460
39760
40110
40380
41470
41700
42010
41200
40500
40800
39000
40000
39840
40760
40800
40400
40820
40820
40620
40850
41700
40880
40760
40310
40750
40950
41330
39940
40870
41020
40800
40380
41140
41000
41200
41300
41400
40500
40520
40090
40400
41110
40600
41000
40700
40500
40000
40140
40140
40140
40570
41170
41000
41390
41700
41800
41990
43930
45300
44510
44600
45000
44940
44690
46400
46590
45980
45350
45750
45550
45460
44400
42850
42380
42740
44100
46100
47180
47200
46400
46910
45500
45000
42380
42670
42490
41990
42970
45480
43990
45000
44800
45280
45660
43520
45000
44520
45000
46400
47400
48420
49400
47830
49000
50000
50540
49700
49750
48100
49000
48000
45900
46000
46010
47050
47200
48300
52040
51500
50670
50600
50530
50400
50200
48000
48300
47950
47800
48650
49700
49500
48750
48080
48100
47580
48820
48130
48120
48690
49390
49480
48300
47500
47000
47000
46240
49000
47490
45300
44220
43600
42290
42950
42890
43300
42050
43700
45620
44600
45250
45200
43890
44190
44100
45000
45200
45400
44750
44500
44240
45340
46410
46110
45320
46600
45990
45610
44800
45400
44390
43070
44130
44710
44700
44630
44540
45250
45550
45800
45100
45000
44310
45150
46000
45670
46000
45500
45510
45300
45840
45520
47490
47750
48200
48740
47870
48870
48100
47310
47900
48490
46930
47500
47840
47970
46600
46000
46050
45780
45600
45000
45260
47100
47380
47000
47500
47850
48800
48020
48200
48390
48240
48870
49200
49000
49370
49820
49500
49900
49500
49700
49950